03 05 06 06 06 25 26 27 28 28 40
03 03 06 06 07 40
00 00 11 11 13 14 20 20 20 22 23 24 40 40
00 00 08 11 11 13 14 20 20 20 22 23 24 40
00 00 11 11 13 14 20 20 20 22 23 24 40 40 40
01 02 03 03 04 06 08 10 10 10 21 22 40 40 40
01 02 03 03 04 06 08 08 08 21 22 40 40 40
05 06 06 14 14 14 15 16 21 22 23 24 24 40 40
00 01 04 05 06 12 14 15 16 17 17 22 24 40 40
01 02 02 03 15 15 15 16 17 21 22 23 32 32 40
01 02 02 02 03 16 16 16
03 04 16 18 21 22 40 40 40
01 02 03 03 04 05 07 10 10 10 21 22 40 40 40
00 00 00 01 02 03 04 05 06 07 08 08 08 40
00 01 02 03 10 11 12 13 14 15 16 17 18 40
00 01 02 13 14 15 18 06 26 27 28 32 40 40 40
00 01 02 06 07 08 10 10 10 32 32 33 33 34 40
00 01 02 03 04 10 11 12 13 14 20 21 22 40 40
